   0.00000000       1.00000000    
   1.00000000      0.919936180    
   2.00000000      0.841072619    
   3.00000000      0.763003111    
   4.00000000      0.688392043    
   5.00000000      0.615275621    
   6.00000000      0.547477543    
   7.00000000      0.481705636    
   8.00000000      0.422532678    
   9.00000000      0.365704715    
   10.0000000      0.316099584    
   11.0000000      0.268937975    
   12.0000000      0.228995547    
   13.0000000      0.191400677    
   14.0000000      0.160507992    
   15.0000000      0.131721243    
   16.0000000      0.108770266    
   17.0000000       8.75967368E-02
   18.0000000       7.12179020E-02
   19.0000000       5.62574528E-02
   20.0000000       4.50291224E-02
   21.0000000       3.48745435E-02
   22.0000000       2.74799820E-02
   23.0000000       2.08584052E-02
   24.0000000       1.61800683E-02
   25.0000000       1.20318439E-02
   26.0000000       9.18823294E-03
   27.0000000       6.69144141E-03
   28.0000000       5.03083551E-03
   29.0000000       3.58691951E-03
   30.0000000       2.65516737E-03
   31.0000000       1.85282016E-03
   32.0000000       1.35048712E-03
   33.0000000       9.22071980E-04
   34.0000000       6.61839498E-04
   35.0000000       4.42017481E-04
   36.0000000       3.12469376E-04
   37.0000000       2.04075623E-04
   38.0000000       1.42099889E-04
   39.0000000       9.07326175E-05
   40.0000000       6.22385269E-05
   41.0000000       3.88425869E-05
   42.0000000       2.62518188E-05
   43.0000000       1.60097225E-05
   44.0000000       1.06624157E-05
   45.0000000       6.35264814E-06
   46.0000000       4.16979583E-06
   47.0000000       2.42655642E-06
   48.0000000       1.57003160E-06
   49.0000000       8.92203502E-07
   50.0000000       5.69129952E-07
   51.0000000       3.15756381E-07
   52.0000000       1.98610422E-07
   53.0000000       1.07555856E-07
   54.0000000       6.67206734E-08
   55.0000000       3.52606975E-08
   56.0000000       2.15758842E-08
   57.0000000       1.11251310E-08
   58.0000000       6.71598599E-09
   59.0000000       3.37800588E-09
   60.0000000       2.01218553E-09
   61.0000000       9.87053106E-10
   62.0000000       5.80266390E-10
   63.0000000       2.77542322E-10
   64.0000000       1.61054128E-10
   65.0000000       7.50947915E-11
   66.0000000       4.30214094E-11
   67.0000000       1.95508089E-11
   68.0000000       1.10598197E-11
   69.0000000       4.89750688E-12
   70.0000000       2.73616893E-12
   71.0000000       1.18037524E-12
   72.0000000       6.51400646E-13
   73.0000000       2.73701661E-13
   74.0000000       1.49224844E-13
   75.0000000       6.10551242E-14
   76.0000000       3.28924442E-14
   77.0000000       1.31016634E-14
   78.0000000       6.97565598E-15
   79.0000000       2.70433098E-15
   80.0000000       1.42323505E-15
   81.0000000       5.36893422E-16
   82.0000000       2.79341778E-16
   83.0000000       1.02511666E-16
   84.0000000       5.27380845E-17
   85.0000000       1.88223426E-17
   86.0000000       9.57633530E-18
   87.0000000       3.32309554E-18
   88.0000000       1.67229802E-18
   89.0000000       5.64065627E-19
   90.0000000       2.80811843E-19
   91.0000000       9.20402898E-20
   92.0000000       4.53364769E-20
   93.0000000       1.44353728E-20
   94.0000000       7.03649670E-21
   95.0000000       2.17628614E-21
   96.0000000       1.05083957E-21
   97.0000000       3.19397664E-22
   98.0000000       1.59647941E-22
   99.0000000       7.61219850E-23
   100.000000       7.61219850E-23
