1 1
2 0.919936180114746
3 0.841072618961334
4 0.76300311088562
5 0.688392043113708
6 0.615275621414185
7 0.547477543354034
8 0.481705635786057
9 0.422532677650452
10 0.365704715251923
11 0.316099584102631
12 0.268937975168228
13 0.22899554669857
14 0.191400676965714
15 0.160507991909981
16 0.131721243262291
17 0.10877026617527
18 0.0875967368483543
19 0.0712179020047188
20 0.0562574528157711
21 0.0450291223824024
22 0.0348745435476303
23 0.0274799820035696
24 0.0208584051579237
25 0.0161800682544708
26 0.0120318438857794
27 0.00918823294341564
28 0.00669144140556455
29 0.00503083551302552
30 0.00358691951259971
31 0.00265516736544669
32 0.00185282016173005
33 0.00135048711672425
34 0.000922071980312467
35 0.000661839498206973
36 0.000442017480963841
37 0.00031246937578544
38 0.00020407562260516
39 0.000142099888762459
40 9.07326175365597e-005
41 6.22385268798098e-005
42 3.88425869459752e-005
43 2.62518187810201e-005
44 1.60097224579658e-005
45 1.06624156614998e-005
46 6.35264814263792e-006
47 4.16979582951171e-006
48 2.42655642068712e-006
49 1.57003159984015e-006
50 8.92203502189659e-007
51 5.69129952054936e-007
52 3.15756381041865e-007
53 1.98610422330603e-007
54 1.07555855777264e-007
55 6.67206734306092e-008
56 3.52606974729497e-008
57 2.15758841903835e-008
58 1.11251310386251e-008
59 6.71598598955825e-009
60 3.37800587502102e-009
61 2.01218552930982e-009
62 9.87053105916402e-010
63 5.80266390493023e-010
64 2.77542322457691e-010
65 1.61054128366978e-010
66 7.50947914962552e-011
67 4.30214093516401e-011
68 1.9550808888491e-011
69 1.10598197267109e-011
70 4.89750687920898e-012
71 2.73616893031736e-012
72 1.18037524199366e-012
73 6.51400645663297e-013
74 2.73701661378592e-013
75 1.492248436364e-013
76 6.10551241725724e-014
77 3.28924441937023e-014
78 1.31016633767066e-014
79 6.97565598085101e-015
80 2.70433098454475e-015
81 1.42323505055792e-015
82 5.36893421803914e-016
83 2.79341778065134e-016
84 1.02511666133084e-016
85 5.27380844759555e-017
86 1.88223426374114e-017
87 9.57633529879479e-018
88 3.32309554053583e-018
89 1.67229801630381e-018
90 5.64065626638179e-019
91 2.80811843036173e-019
92 9.20402898235474e-020
93 4.53364769043243e-020
94 1.44353728233201e-020
95 7.03649669900686e-021
96 2.17628614028448e-021
97 1.05083956711744e-021
98 3.19397663620483e-022
99 1.59647940815524e-022
100 7.61219850190792e-023
0
* 94 1.44353728233201e-020
* 95 7.03649669900686e-021
* 96 2.17628614028448e-021
* 97 1.05083956711744e-021
* 98 3.19397663620483e-022
* 99 1.59647940815524e-022
* 100 7.61219850190792e-023
